camera_108:
  camera_mtx: [3326.701550, 3326.882329, 1917.775908, 1080.536339]
  camera_dist: [0.00, 0.00, 0.00, 0.00, 0.00]
  resolution: [4096, 2160]

camera_118:
  camera_mtx: [3326.701550, 3326.882329, 1917.775908, 1080.536339]
  camera_dist: [0.00, 0.00, 0.00, 0.00, 0.00]
  resolution: [4096, 2160]

camera_128:
  camera_mtx: [3326.701550, 3326.882329, 1917.775908, 1080.536339]
  camera_dist: [0.00, 0.00, 0.00, 0.00, 0.00]
  resolution: [4096, 2160]
