camera_mtx: [3532.304954, 3532.096313, 998.975138, 524.948657]
camera_dist: [0.00, 0.00, 0.00, 0.00, 0.00]
resolution: [1920, 1080]


