uav1:
  camera_mtx: [3326.701550, 3326.882329, 1917.775908, 1080.536339]
  camera_dist: [0.00, 0.00, 0.00, 0.00, 0.00]
  resolution: [4096, 2160]

uav2:
  camera_mtx: [3326.701550, 3326.882329, 1917.775908, 1080.536339]
  camera_dist: [0.00, 0.00, 0.00, 0.00, 0.00]
  resolution: [4096, 2160]


